DailyNews.txt	2026-06-13
FinancialNews.txt	2026-06-13
MassReadings.txt	2026-06-14
MoversShakers.txt	2026-06-14
GeoLesson.txt	2026-06-14
WeatherForecast.txt	2026-06-14
